800 500
79 500
79 51
79 52
79 53
79 54
79 55
79 56
79 57
78 58
78 59
78 600
77 61
77 61
77 62
76 63
76 64
75 65
75 66
74 66
74 67
73 68
73 69
72 69
71 700
71 71
700 71
69 72
69 73
68 73
67 74
66 74
65 75
65 75
64 76
63 76
62 77
61 77
600 77
59 78
59 78
58 78
57 79
56 79
55 79
54 79
53 79
52 79
51 79
50 79
49 79
48 79
47 79
46 79
45 79
45 79
44 79
43 79
42 78
41 78
40 78
39 78
38 77
37 77
36 77
36 76
35 76
34 75
33 75
32 74
32 74
31 73
30 72
29 72
29 71
28 70
27 70
27 69
26 68
26 68
25 67
24 66
24 65
23 64
23 64
23 63
22 62
22 61
21 60
21 59
21 58
21 57
20 57
20 56
20 55
20 54
20 53
20 52
20 51
20 50
20 49
20 48
20 47
20 46
20 45
20 44
20 43
20 42
21 42
21 41
21 40
21 39
22 38
22 37
23 36
23 35
23 35
24 34
24 33
25 32
26 31
26 31
27 30
27 29
28 29
29 28
29 27
30 27
31 26
32 25
32 25
33 24
34 24
35 23
36 23
36 22
37 22
38 22
39 21
40 21
41 21
42 21
43 20
44 20
45 20
45 20
46 20
47 20
48 20
49 20
50 20
51 20
52 20
53 20
54 20
55 20
56 20
57 20
58 21
59 21
59 21
60 22
61 22
62 22
63 23
64 23
65 24
65 24
66 25
67 25
68 26
69 26
69 27
70 28
71 28
71 29
72 30
73 30
73 31
74 32
74 33
75 33
75 34
76 35
76 36
77 37
77 38
77 38
78 39
78 40
78 41
79 42
79 43
79 44
79 45
79 46
79 47
79 48
79 49
80 49
45 60
44 60
44 61
44 61
44 62
44 62
43 63
43 63
42 64
42 64
41 64
40 64
40 64
39 64
38 64
38 64
37 64
37 64
36 63
36 63
35 62
35 62
35 61
35 60
35 60
35 59
35 59
35 58
35 57
35 57
36 56
36 56
37 55
37 55
38 55
38 55
39 55
40 55
40 55
41 55
42 55
42 55
43 56
43 56
44 57
44 57
44 58
44 58
44 59
45 60
65 60
64 60
64 61
64 61
64 62
64 62
63 63
63 63
62 64
62 64
61 64
60 64
60 64
59 64
58 64
58 64
57 64
57 64
56 63
56 63
55 62
55 62
55 61
55 60
55 60
55 59
55 59
55 58
55 57
55 57
56 56
56 56
57 55
57 55
58 55
58 55
59 55
60 55
60 55
61 55
62 55
62 55
63 56
63 56
64 57
64 57
64 58
64 58
64 59
65 60
70 30
69 30
69 31
69 31
69 32
69 33
69 33
69 34
69 35
69 35
69 36
68 36
68 37
68 38
68 38
67 39
67 39
67 40
66 40
66 41
66 41
65 42
65 42
64 43
64 43
64 44
63 44
63 45
62 45
62 45
61 46
61 46
600 46
600 47
59 47
58 47
58 48
57 48
57 48
56 48
55 49
55 49
54 49
54 49
53 49
52 49
52 49
51 49
500 49
500 49
49 49
49 49
48 49
47 49
47 49
46 49
45 49
45 49
44 49
44 49
43 48
42 48
42 48
41 48
41 47
400 47
400 47
39 46
38 46
38 46
37 45
37 45
36 45
36 44
35 44
35 43
35 43
34 42
34 42
33 41
33 41
33 400
32 400
32 39
32 39
31 38
31 38
31 37
31 36
300 36
300 35
300 35
300 34
300 33
300 33
300 32
300 31
300 31
300 300
300 300
