80 50
79 50
79 51
79 52
79 53
79 54
79 55
79 56
79 57
78 58
78 59
78 60
77 61
77 61
77 62
76 63
76 64
75 65
75 66
74 66
74 67
73 68
73 69
72 69
71 70
71 71
70 71
69 72
69 73
68 73
67 74
66 74
65 75
65 75
64 76
63 76
62 77
61 77
60 77
59 78
59 78
58 78
57 79
56 79
55 79
54 79
53 79
52 79
51 79
50 79
49 79
48 79
47 79
46 79
45 79
45 79
44 79
43 79
42 78
41 78
40 78
39 78
38 77
37 77
36 77
36 76
35 76
34 75
33 75
32 74
32 74
31 73
30 72
29 72
29 71
28 70
27 70
27 69
26 68
26 68
25 67
24 66
24 65
23 64
23 64
23 63
22 62
22 61
21 60
21 59
21 58
21 57
20 57
20 56
20 55
20 54
20 53
20 52
20 51
20 50
20 49
20 48
20 47
20 46
20 45
20 44
20 43
20 42
21 42
21 41
21 40
21 39
22 38
22 37
23 36
23 35
23 35
24 34
24 33
25 32
26 31
26 31
27 30
27 29
28 29
29 28
29 27
30 27
31 26
32 25
32 25
33 24
34 24
35 23
36 23
36 22
37 22
38 22
39 21
40 21
41 21
42 21
43 20
44 20
45 20
45 20
46 20
47 20
48 20
49 20
50 20
51 20
52 20
53 20
54 20
55 20
56 20
57 20
58 21
59 21
59 21
60 22
61 22
62 22
63 23
64 23
65 24
65 24
66 25
67 25
68 26
69 26
69 27
70 28
71 28
71 29
72 30
73 30
73 31
74 32
74 33
75 33
75 34
76 35
76 36
77 37
77 38
77 38
78 39
78 40
78 41
79 42
79 43
79 44
79 45
79 46
79 47
79 48
79 49
80 49
45 60
44 60
44 61
44 61
44 62
44 62
43 63
43 63
42 64
42 64
41 64
40 64
40 64
39 64
38 64
38 64
37 64
37 64
36 63
36 63
35 62
35 62
35 61
35 60
35 60
35 59
35 59
35 58
35 57
35 57
36 56
36 56
37 55
37 55
38 55
38 55
39 55
40 55
40 55
41 55
42 55
42 55
43 56
43 56
44 57
44 57
44 58
44 58
44 59
45 60
65 60
64 60
64 61
64 61
64 62
64 62
63 63
63 63
62 64
62 64
61 64
60 64
60 64
59 64
58 64
58 64
57 64
57 64
56 63
56 63
55 62
55 62
55 61
55 60
55 60
55 59
55 59
55 58
55 57
55 57
56 56
56 56
57 55
57 55
58 55
58 55
59 55
60 55
60 55
61 55
62 55
62 55
63 56
63 56
64 57
64 57
64 58
64 58
64 59
65 60
60 35
59 35
59 36
59 37
59 38
59 39
58 39
58 40
57 41
57 41
56 42
55 43
55 43
54 43
53 44
53 44
52 44
51 44
50 44
49 44
48 44
48 44
47 44
46 44
45 43
44 43
44 43
43 42
42 42
42 41
41 40
41 40
40 39
40 38
40 37
40 36
40 36
40 35
40 34
40 33
40 32
40 31
40 31
41 30
41 29
42 28
42 28
43 27
43 27
44 26
45 26
46 25
46 25
47 25
48 25
49 25
50 25
50 25
51 25
52 25
53 25
54 25
54 26
55 26
56 27
56 27
57 28
58 29
58 29
58 30
59 31
59 32
59 32
59 33
59 34
59 35
59 36
59 37
59 37
59 38
58 39
58 40
58 40
57 41
56 42
56 42
55 43
54 43
54 44
53 44
52 44
51 44
50 44
50 44
49 44
48 44
47 44
46 44
46 44
45 43
44 43
43 42
43 42
42 41
42 41
41 40
41 39
40 38
40 38
40 37
40 36
40 35
40 34
40 33
40 33
40 32
40 31
40 30
41 29
41 29
42 28
42 27
43 27
44 26
44 26
45 26
46 25
47 25
48 25
48 25
49 25
50 25
51 25
52 25
53 25
53 25
54 26
55 26
55 26
56 27
57 28
57 28
58 29
58 30
59 30
59 31
59 32
59 33
59 34
60 34
